####  2  |  Guess: [ 408.48937643]  | Score:  757.4509206563  | Accepted: True

basinhopping step 0: f 1155.47
1.37875861322e-05
1.37875861323e-05
1e-08
1.00000001e-08
1.0526192158e-05
1.05261921581e-05
1.22886304228e-05
1.22886304229e-05
1.34532948638e-05
1.34532948639e-05
1.36431688789e-05
1.3643168879e-05
1.37461785768e-05
1.37461785769e-05
1.37659780678e-05
1.37659780679e-05
1.3780700548e-05
1.37807005481e-05
1.37856490396e-05
plume trigger turn lasted less than threshold of 1500 timesteps before trajectory ended, so adding _truncated suffix
1.37856490397e-05
1.37870117965e-05
1.37870117966e-05
1.37872759778e-05
1.37872759779e-05
1.37874808055e-05
1.37874808056e-05
1.37875679971e-05
1.37875679972e-05
1.37875784809e-05
1.3787578481e-05
1.37875847631e-05
1.37875847632e-05
1.37875856708e-05
1.37875856709e-05
1.37875860407e-05
1.37875860408e-05
1.37875860917e-05
1.37875860918e-05
1.37875860909e-05
1.3787586091e-05
1.37875860917e-05
1.37875860918e-05
1.37875860917e-05
1.37875860918e-05
1.37875860917e-05
1.37875860918e-05
1.37875860917e-05
1.37875860918e-05
1.37875860917e-05
1.37875860918e-05
basinhopping step 1: f 1932.25 trial_f 1932.25 accepted 1  lowest_f 1155.47
   1  |  Guess: [ 1378.75860917]  | Score:  1932.2466218201  | Accepted: True
4.08489376425e-06
4.08489376435e-06
1e-08
1.00000001e-08
3.98936625611e-06
3.98936625621e-06
4.03947321924e-06
4.03947321934e-06
4.07268454842e-06
4.07268454852e-06
4.08112096455e-06
4.08112096465e-06
4.08316056204e-06
4.08316056214e-06
4.08406926168e-06
4.08406926178e-06
4.08463441812e-06
4.08463441822e-06
4.08482755025e-06
4.08482755035e-06
4.08487059489e-06
4.08487059499e-06
4.08488794114e-06
4.08488794124e-06
4.08489201024e-06
4.08489201034e-06
4.08489287779e-06
4.08489287789e-06
4.08489345318e-06
4.08489345328e-06
4.08489364249e-06
4.08489364259e-06
4.08489372799e-06
4.08489372809e-06
4.08489375562e-06
4.08489375572e-06
4.08489376119e-06
4.08489376129e-06
4.08489376369e-06
4.08489376379e-06
4.08489376315e-06
4.08489376325e-06
warning: basinhopping: local minimization failure
basinhopping step 2: f 757.451 trial_f 757.451 accepted 1  lowest_f 757.451
found new global minimum on step 2 with function value 757.451
   2  |  Guess: [ 408.48937643]  | Score:  757.4509206563  | Accepted: True
1.14705025336e-05
1.14705025337e-05
0.0001
0.0001
4.09803350167e-05
4.09803350168e-05
1.74614743788e-05
1.74614743789e-05
1.20694460571e-05
1.20694460572e-05
1.16294013788e-05
1.16294013789e-05
1.15306990217e-05
1.15306990218e-05
1.14955023119e-05
1.1495502312e-05
1.14760533484e-05
1.14760533485e-05
1.14717711794e-05
1.14717711795e-05
1.14708635017e-05
1.14708635018e-05
1.14706938677e-05
1.14706938678e-05
1.14705434673e-05
1.14705434674e-05
1.14705138883e-05
1.14705138884e-05
1.14705081577e-05
1.14705081578e-05
1.14705040157e-05
1.14705040158e-05
1.14705031735e-05
1.14705031736e-05
1.1470502735e-05
1.14705027351e-05
1.14705026352e-05
1.14705026353e-05
1.14705025539e-05
1.1470502554e-05
1.14705025434e-05
1.14705025435e-05
1.14705025417e-05
1.14705025418e-05
1.14705025425e-05
1.14705025426e-05
1.14705025433e-05
1.14705025434e-05
1.14705025432e-05
1.14705025433e-05
1.14705025433e-05
1.14705025434e-05
1.14705025433e-05
1.14705025434e-05
1.14705025433e-05
1.14705025434e-05
1.14705025433e-05
1.14705025434e-05
1.14705025433e-05
1.14705025434e-05
basinhopping step 3: f 1670.21 trial_f 1670.21 accepted 1  lowest_f 757.451
   3  |  Guess: [ 1147.05025433]  | Score:  1670.2131901684  | Accepted: True
1.47895241952e-05
1.47895241953e-05
0.0001
0.0001
4.31930161272e-05
4.31930161273e-05
1.6952102098e-05
1.69521020981e-05
1.54795076737e-05
1.54795076738e-05
1.50039029197e-05
1.50039029198e-05
1.48988832204e-05
1.48988832205e-05
1.48310693993e-05
1.48310693994e-05
1.48104083708e-05
1.48104083709e-05
1.47989035596e-05
1.47989035597e-05
1.47942213834e-05
1.47942213835e-05
1.47914284676e-05
1.47914284677e-05
1.47904826635e-05
1.47904826636e-05
1.4789723048e-05
1.47897230481e-05
1.47895726467e-05
1.47895726468e-05
1.47895345544e-05
1.47895345545e-05
1.47895289083e-05
1.47895289084e-05
1.4789525594e-05
1.47895255941e-05
1.47895249571e-05
1.47895249572e-05
1.47895243714e-05
1.47895243715e-05
1.47895242512e-05
1.47895242513e-05
warning: basinhopping: local minimization failure
basinhopping step 4: f 2136.25 trial_f 2136.25 accepted 1  lowest_f 757.451
   4  |  Guess: [ 1478.95241952]  | Score:  2136.2520970648  | Accepted: True
1.59475846713e-05
1.59475846714e-05
0.0001
0.0001
4.39650564463e-05
4.39650564464e-05
3.07723048906e-05
3.07723048907e-05
1.94828797031e-05
1.94828797032e-05
1.76373321034e-05
1.76373321035e-05
1.65228112522e-05
1.65228112523e-05
1.611456564e-05
1.61145656401e-05
1.59872143103e-05
1.59872143104e-05
1.59587607148e-05
1.59587607149e-05
1.59510766037e-05
1.59510766038e-05
1.59492433425e-05
1.59492433426e-05
1.59481071455e-05
1.59481071456e-05
1.59477353179e-05
1.5947735318e-05
1.59476320847e-05
1.59476320848e-05
1.59476073765e-05
1.59476073766e-05
1.59475909268e-05
1.59475909269e-05
1.5947586686e-05
1.59475866861e-05
1.5947585146e-05
1.59475851461e-05
1.59475848257e-05
1.59475848258e-05
1.59475847199e-05
1.594758472e-05
warning: basinhopping: local minimization failure
basinhopping step 5: f 2136.25 trial_f 2468.55 accepted 0  lowest_f 757.451
   5  |  Guess: [ 1594.75846713]  | Score:  2468.5516329769  | Accepted: False
1.16180494924e-05
1.16180494925e-05
0.0001
0.0001
4.10786996581e-05
4.10786996582e-05
1.65419124499e-05
1.654191245e-05
1.33236917711e-05
1.33236917712e-05
1.20770776793e-05
1.20770776794e-05
1.17063801155e-05
1.17063801156e-05
1.16602020594e-05
1.16602020595e-05
1.16311397004e-05
1.16311397005e-05
1.16210673107e-05
1.16210673108e-05
1.16187850388e-05
1.16187850389e-05
1.16181949822e-05
1.16181949823e-05
1.16180948834e-05
1.16180948835e-05
1.16180663924e-05
1.16180663925e-05
1.16180532704e-05
1.16180532705e-05
1.16180509521e-05
1.16180509522e-05
1.1618050237e-05
1.16180502371e-05
1.16180497824e-05
1.16180497825e-05
1.16180496107e-05
1.16180496108e-05
1.16180495344e-05
1.16180495345e-05
1.16180495527e-05
1.16180495528e-05
1.16180495364e-05
1.16180495365e-05
1.16180495346e-05
1.16180495347e-05
1.16180495344e-05
1.16180495345e-05
1.16180495344e-05
1.16180495345e-05
1.16180495344e-05
1.16180495345e-05
1.16180495344e-05
1.16180495345e-05
1.16180495344e-05
1.16180495345e-05
1.16180495344e-05
1.16180495345e-05
basinhopping step 6: f 1636.66 trial_f 1636.66 accepted 1  lowest_f 757.451
   6  |  Guess: [ 1161.80495344]  | Score:  1636.6564648325  | Accepted: True
1.81151595457e-05
1.81151595458e-05
1e-08
1.00000001e-08
8.64913075882e-06
8.64913075892e-06
1.49285414108e-05
1.49285414109e-05
1.71642289137e-05
1.71642289138e-05
1.78945139915e-05
1.78945139916e-05
1.80167125067e-05
1.80167125068e-05
1.80950047507e-05
1.80950047508e-05
1.81105476766e-05
1.81105476767e-05
1.81139041441e-05
1.81139041442e-05
1.81147831045e-05
1.81147831046e-05
1.81150940616e-05
1.81150940617e-05
1.81151378814e-05
1.81151378815e-05
1.81151477261e-05
1.81151477262e-05
1.81151550286e-05
1.81151550287e-05
1.8115158512e-05
1.81151585121e-05
1.8115159106e-05
1.81151591061e-05
1.8115159424e-05
1.81151594241e-05
1.81151595249e-05
1.8115159525e-05
1.81151595367e-05
1.81151595368e-05
1.8115159532e-05
1.81151595321e-05
warning: basinhopping: local minimization failure
basinhopping step 7: f 2713.97 trial_f 2713.97 accepted 1  lowest_f 757.451
   7  |  Guess: [ 1811.51595457]  | Score:  2713.9664536535  | Accepted: True
2.64085653009e-05
2.6408565301e-05
0.0001
0.0001
3.78267375961e-05
3.78267375962e-05
2.99422214009e-05
2.9942221401e-05
2.82783380675e-05
2.82783380676e-05
2.6854416905e-05
2.68544169051e-05
2.65635481771e-05
2.65635481772e-05
2.64507514644e-05
2.64507514645e-05
2.64173033642e-05
2.64173033643e-05
2.64103356183e-05
2.64103356184e-05
2.64091495845e-05
2.64091495846e-05
2.64087301427e-05
2.64087301428e-05
2.64085920565e-05
2.64085920566e-05
2.6408577314e-05
2.64085773141e-05
2.64085687194e-05
2.64085687195e-05
2.64085659986e-05
2.64085659987e-05
2.6408565482e-05
2.64085654821e-05
2.640856534e-05
2.64085653401e-05
2.640856533e-05
2.64085653301e-05
2.64085653386e-05
2.64085653387e-05
2.64085653393e-05
2.64085653394e-05
2.64085653398e-05
2.64085653399e-05
2.64085653399e-05
2.640856534e-05
2.64085653399e-05
2.640856534e-05
2.64085653399e-05
2.640856534e-05
2.64085653399e-05
2.640856534e-05
2.64085653115e-05
2.64085653116e-05
2.64085653321e-05
2.64085653322e-05
2.64085653363e-05
2.64085653364e-05
2.64085653388e-05
2.64085653389e-05
2.64085653396e-05
2.64085653397e-05
2.64085653398e-05
2.64085653399e-05
2.64085653399e-05
2.640856534e-05
2.64085653399e-05
2.640856534e-05
2.64085653399e-05
2.640856534e-05
2.64085653399e-05
2.640856534e-05
2.64085653399e-05
2.640856534e-05
2.64085653399e-05
2.640856534e-05
basinhopping step 8: f 4282.66 trial_f 4282.66 accepted 1  lowest_f 757.451
   8  |  Guess: [ 2640.85653399]  | Score:  4282.6643119541  | Accepted: True
3.04692786159e-05
3.0469278616e-05
0.0001
0.0001
5.36461857436e-05
5.36461857437e-05
4.30256433325e-05
4.30256433326e-05
3.49248411264e-05
3.49248411265e-05
3.16430909756e-05
3.16430909757e-05
3.08115154092e-05
3.08115154093e-05
3.05393171675e-05
3.05393171676e-05
3.05054422477e-05
3.05054422478e-05
3.04816977919e-05
3.0481697792e-05
3.04759152355e-05
3.04759152356e-05
3.04728011671e-05
3.04728011672e-05
3.04707939663e-05
3.04707939664e-05
3.04700676418e-05
3.04700676419e-05
3.04694171184e-05
3.04694171185e-05
3.0469327229e-05
3.04693272291e-05
3.04692993143e-05
3.04692993144e-05
3.04692860517e-05
3.04692860518e-05
3.04692799861e-05
3.04692799862e-05
3.04692789981e-05
3.04692789982e-05
3.04692787081e-05
3.04692787082e-05
warning: basinhopping: local minimization failure
basinhopping step 9: f 4699.1 trial_f 4699.1 accepted 1  lowest_f 757.451
   9  |  Guess: [ 3046.92786159]  | Score:  4699.0963306822  | Accepted: True
3.35212848145e-05
3.35212848146e-05
1e-08
1.00000001e-08
1.55393223218e-05
1.55393223219e-05
2.86597653419e-05
2.8659765342e-05
3.14011974435e-05
3.14011974436e-05
3.31202254984e-05
3.31202254985e-05
3.34211115266e-05
3.34211115267e-05
3.34812059552e-05
3.34812059553e-05
3.35010787395e-05
3.35010787396e-05
3.35107820673e-05
3.35107820674e-05
3.35182824481e-05
3.35182824482e-05
3.35199307733e-05
3.35199307734e-05
3.35208766842e-05
3.35208766843e-05
3.35211629333e-05
3.35211629334e-05
3.35212459656e-05
3.35212459657e-05
3.35212744514e-05
3.35212744515e-05
3.35212803989e-05
3.3521280399e-05
3.35212825164e-05
3.35212825165e-05
3.35212837561e-05
3.35212837562e-05
3.35212844809e-05
3.3521284481e-05
3.35212847331e-05
3.35212847332e-05
warning: basinhopping: local minimization failure
basinhopping step 10: f 5928.43 trial_f 5928.43 accepted 1  lowest_f 757.451
  10  |  Guess: [ 3352.12848145]  | Score:  5928.4289760158  | Accepted: True
3.64347165581e-05
3.64347165582e-05
1e-08
1.00000001e-08
2.42931443725e-05
2.42931443726e-05
3.32772116112e-05
3.32772116113e-05
3.59635444789e-05
3.5963544479e-05
3.62863129734e-05
3.62863129735e-05
3.63910088772e-05
3.63910088773e-05
3.64158849748e-05
3.64158849749e-05
3.64306856541e-05
3.64306856542e-05
3.64332181802e-05
3.64332181803e-05
3.64344151338e-05
3.64344151339e-05
3.64346157506e-05
3.64346157507e-05
3.64346670881e-05
3.64346670882e-05
3.64346976137e-05
3.64346976138e-05
3.64347127035e-05
3.64347127036e-05
3.64347151546e-05
3.64347151547e-05
3.6434716132e-05
3.64347161321e-05
3.64347164632e-05
3.64347164633e-05
3.64347165076e-05
3.64347165077e-05
3.64347165509e-05
3.6434716551e-05
3.64347165439e-05
3.6434716544e-05
warning: basinhopping: local minimization failure
basinhopping step 11: f 5265.18 trial_f 5265.18 accepted 1  lowest_f 757.451
  11  |  Guess: [ 3643.47165581]  | Score:  5265.1787234571  | Accepted: True
4.4415983132e-05
4.44159831321e-05
0.0001
0.0001
6.29439887539e-05
6.2943988754e-05
5.45970514187e-05
5.45970514188e-05
4.52131322165e-05
4.52131322166e-05
4.48598039759e-05
4.4859803976e-05
4.44706871038e-05
4.44706871039e-05
4.44231805621e-05
4.44231805622e-05
4.44192588882e-05
4.44192588883e-05
4.44174660912e-05
4.44174660913e-05
4.44161184041e-05
4.44161184042e-05
4.44160409471e-05
4.44160409472e-05
4.4416006793e-05
4.44160067931e-05
4.44159909573e-05
4.44159909574e-05
4.44159847e-05
4.44159847001e-05
4.44159833111e-05
4.44159833112e-05
4.44159832279e-05
4.4415983228e-05
4.44159831672e-05
4.44159831673e-05
4.44159831416e-05
4.44159831417e-05
4.44159831507e-05
4.44159831508e-05
4.4415983144e-05
4.44159831441e-05
4.4415983142e-05
4.44159831421e-05
4.44159831417e-05
4.44159831418e-05
4.44159831416e-05
4.44159831417e-05
4.44159831417e-05
4.44159831418e-05
4.44159831417e-05
4.44159831418e-05
basinhopping step 12: f 5408.03 trial_f 5408.03 accepted 1  lowest_f 757.451
  12  |  Guess: [ 4441.59831417]  | Score:  5408.0302098867  | Accepted: True
5.10955303139e-05
5.1095530314e-05
1e-08
1.00000001e-08
3.40670202094e-05
3.40670202095e-05
4.47120321674e-05
4.47120321675e-05
4.89547532149e-05
4.8954753215e-05
5.04517922246e-05
5.04517922247e-05
5.09557884193e-05
5.09557884194e-05
5.10572684529e-05
5.1057268453e-05
5.10862254255e-05
5.10862254256e-05
5.10923749309e-05
5.1092374931e-05
5.10944967341e-05
5.10944967342e-05
5.10951626211e-05
5.10951626212e-05
5.1095387867e-05
5.10953878671e-05
5.10954717603e-05
5.10954717604e-05
5.10955134292e-05
5.10955134293e-05
5.10955251632e-05
5.10955251633e-05
5.1095527958e-05
5.10955279581e-05
5.10955294473e-05
5.10955294474e-05
5.10955300704e-05
5.10955300705e-05
5.10955302375e-05
5.10955302376e-05
5.1095530284e-05
5.10955302841e-05
warning: basinhopping: local minimization failure
basinhopping step 13: f 5408.03 trial_f 5739.96 accepted 0  lowest_f 757.451
  13  |  Guess: [ 5109.55303139]  | Score:  5739.9642088101  | Accepted: False
4.24649343925e-05
4.24649343926e-05
1e-08
1.00000001e-08
2.83132896004e-05
2.83132896005e-05
3.43039263011e-05
3.43039263012e-05
3.78227865897e-05
3.78227865898e-05
3.97900546981e-05
3.97900546982e-05
4.09428948476e-05
4.09428948477e-05
4.15840084281e-05
4.15840084282e-05
4.22184745988e-05
4.22184745989e-05
4.2459501443e-05
4.24595014431e-05
4.24647961545e-05
4.24647961546e-05
4.24648603614e-05
4.24648603615e-05
4.24648938616e-05
4.24648938617e-05
4.24649112322e-05
4.24649112323e-05
4.24649210686e-05
4.24649210687e-05
4.24649268613e-05
4.24649268614e-05
4.24649300527e-05
4.24649300528e-05
4.24649318738e-05
4.24649318739e-05
4.24649342472e-05
4.24649342473e-05
4.24649343686e-05
4.24649343687e-05
4.24649343915e-05
4.24649343916e-05
warning: basinhopping: local minimization failure
basinhopping step 14: f 5216.21 trial_f 5216.21 accepted 1  lowest_f 757.451
  14  |  Guess: [ 4246.49343925]  | Score:  5216.2068994774  | Accepted: True
4.32861369154e-05
4.32861369155e-05
1e-08
1.00000001e-08
2.88607579449e-05
2.8860757945e-05
3.59297398698e-05
3.59297398699e-05
3.93143083719e-05
3.9314308372e-05
4.25324615437e-05
4.25324615438e-05
4.30566552084e-05
4.30566552085e-05
4.32513644075e-05
4.32513644076e-05
4.32666021792e-05
4.32666021793e-05
4.3275625664e-05
4.32756256641e-05
4.32826837052e-05
4.32826837053e-05
4.32849311823e-05
4.32849311824e-05
4.32859071328e-05
4.32859071329e-05
4.3286013217e-05
4.32860132171e-05
4.32860926435e-05
4.32860926436e-05
4.32861218256e-05
4.32861218257e-05
4.32861324381e-05
4.32861324382e-05
4.32861346764e-05
4.32861346765e-05
4.3286136136e-05
4.32861361361e-05
4.32861367346e-05
4.32861367347e-05
4.32861368865e-05
4.32861368866e-05
warning: basinhopping: local minimization failure
basinhopping step 15: f 4936.73 trial_f 4936.73 accepted 1  lowest_f 757.451
  15  |  Guess: [ 4328.61369154]  | Score:  4936.7302655883  | Accepted: True
5.15969965727e-05
5.15969965728e-05
0.0001
0.0001
6.77313310483e-05
6.77313310484e-05
5.71352330987e-05
5.71352330988e-05
5.34430754146e-05
5.34430754147e-05
5.23514947989e-05
5.2351494799e-05
5.17603107841e-05
5.17603107842e-05
5.16742982824e-05
5.16742982825e-05
5.16389302318e-05
5.16389302319e-05
5.16190437008e-05
5.16190437009e-05
5.16087360667e-05
5.16087360668e-05
5.15989879699e-05
5.159898797e-05
5.15973108011e-05
5.15973108012e-05
5.15971369474e-05
5.15971369475e-05
5.15970482858e-05
5.15970482859e-05
5.15970180976e-05
5.15970180977e-05
5.15970066018e-05
5.15970066019e-05
5.15969980339e-05
5.1596998034e-05
5.15969972584e-05
5.15969972585e-05
5.1596996912e-05
5.15969969121e-05
5.15969966738e-05
5.15969966739e-05
warning: basinhopping: local minimization failure
basinhopping step 16: f 5873.9 trial_f 5873.9 accepted 1  lowest_f 757.451
  16  |  Guess: [ 5159.69965727]  | Score:  5873.8959743810  | Accepted: True
4.75381245394e-05
4.75381245395e-05
0.0001
0.0001
6.50254163595e-05
6.50254163596e-05
5.14260853532e-05
5.14260853533e-05
4.95233621959e-05
4.9523362196e-05
4.84275108802e-05
4.84275108803e-05
4.77360224157e-05
4.77360224158e-05
4.76118947335e-05
4.76118947336e-05
4.75593694189e-05
4.7559369419e-05
4.75437167914e-05
4.75437167915e-05
4.75394654598e-05
4.75394654599e-05
4.7538423017e-05
4.75384230171e-05
4.75382443079e-05
4.7538244308e-05
4.75381864559e-05
4.7538186456e-05
4.75381433799e-05
4.753814338e-05
4.75381313119e-05
4.7538131312e-05
4.75381274589e-05
4.7538127459e-05
4.75381254702e-05
4.75381254703e-05
4.75381250122e-05
4.75381250123e-05
4.75381247789e-05
4.7538124779e-05
4.75381246039e-05
4.7538124604e-05
4.75381245905e-05
4.75381245906e-05
4.75381245369e-05
4.7538124537e-05
4.75381245786e-05
4.75381245787e-05
4.75381245865e-05
4.75381245866e-05
4.75381245892e-05
4.75381245893e-05
4.75381245905e-05
4.75381245906e-05
basinhopping step 17: f 5279.07 trial_f 5279.07 accepted 1  lowest_f 757.451
  17  |  Guess: [ 4753.81245905]  | Score:  5279.0716257390  | Accepted: True
4.22268569092e-05
4.22268569093e-05
1e-08
1.00000001e-08
2.81545712739e-05
2.8154571274e-05
3.87302258671e-05
3.87302258672e-05
4.04039186595e-05
4.04039186596e-05
4.1549842658e-05
4.15498426581e-05
4.18634415889e-05
4.1863441589e-05
4.21142007141e-05
4.21142007142e-05
4.21927138892e-05
4.21927138893e-05
4.22166745255e-05
4.22166745256e-05
4.2221324125e-05
4.22213241251e-05
4.22255938131e-05
4.22255938132e-05
4.22261846634e-05
4.22261846635e-05
4.22266548186e-05
4.22266548187e-05
4.22267797359e-05
4.2226779736e-05
4.22268154798e-05
4.22268154799e-05
4.22268479894e-05
4.22268479895e-05
4.22268543536e-05
4.22268543537e-05
4.22268554814e-05
4.22268554815e-05
4.22268565608e-05
4.22268565609e-05
4.22268568392e-05
4.22268568393e-05
warning: basinhopping: local minimization failure
basinhopping step 18: f 4894.69 trial_f 4894.69 accepted 1  lowest_f 757.451
  18  |  Guess: [ 4222.68569092]  | Score:  4894.6888948147  | Accepted: True
4.47104339904e-05
4.47104339905e-05
0.0001
0.0001
6.96010818807e-05
6.96010818808e-05
5.30073166205e-05
5.30073166206e-05
4.84258038575e-05
4.84258038576e-05
4.58060812711e-05
4.58060812712e-05
4.50242541628e-05
4.50242541629e-05
4.48100886547e-05
4.48100886548e-05
4.47452307708e-05
4.47452307709e-05
4.47213858281e-05
4.47213858282e-05
4.47140313299e-05
4.471403133e-05
4.47116224437e-05
4.47116224438e-05
4.47107389427e-05
4.47107389428e-05
4.47105378751e-05
4.47105378752e-05
4.47104701463e-05
4.47104701464e-05
4.471044766e-05
4.47104476601e-05
4.47104383565e-05
4.47104383566e-05
4.47104355392e-05
4.47104355393e-05
4.47104344587e-05
4.47104344588e-05
4.47104341421e-05
4.47104341422e-05
4.47104340333e-05
4.47104340334e-05
warning: basinhopping: local minimization failure
basinhopping step 19: f 6156.29 trial_f 6156.29 accepted 1  lowest_f 757.451
  19  |  Guess: [ 4471.04339904]  | Score:  6156.2871221172  | Accepted: True
4.94941907184e-05
4.94941907185e-05
0.0001
0.0001
6.63294604787e-05
6.63294604788e-05
5.5105947305e-05
5.51059473051e-05
5.06508971353e-05
5.06508971354e-05
4.98317808207e-05
4.98317808208e-05
4.96402364191e-05
4.96402364192e-05
4.95723681953e-05
4.95723681954e-05
4.95198147934e-05
4.95198147935e-05
4.95016957414e-05
4.95016957415e-05
4.94975597279e-05
4.9497559728e-05
4.94960101729e-05
4.9496010173e-05
4.9494672922e-05
4.94946729221e-05
4.94943204888e-05
4.94943204889e-05
4.94942260332e-05
4.94942260333e-05
4.94942096855e-05
4.94942096856e-05
4.94942008366e-05
4.94942008367e-05
4.94941927038e-05
4.94941927039e-05
4.94941916891e-05
4.94941916892e-05
4.94941910155e-05
4.94941910156e-05
4.94941908743e-05
4.94941908744e-05
warning: basinhopping: local minimization failure
basinhopping step 20: f 5015.26 trial_f 5015.26 accepted 1  lowest_f 757.451
  20  |  Guess: [ 4949.41907184]  | Score:  5015.2637169827  | Accepted: True
5.26902937639e-05
5.2690293764e-05
0.0001
0.0001
6.7143031628e-05
6.71430316281e-05
5.80088934202e-05
5.80088934203e-05
5.41889858482e-05
5.41889858483e-05
5.318432338e-05
5.31843233801e-05
5.28567172809e-05
5.2856717281e-05
5.2762413469e-05
5.27624134691e-05
5.27156356726e-05
5.27156356727e-05
5.26988794743e-05
5.26988794744e-05
5.26929358877e-05
5.26929358878e-05
5.26913449917e-05
5.26913449918e-05
5.26906164962e-05
5.26906164963e-05
5.26904123489e-05
5.2690412349e-05
5.26903348789e-05
5.2690334879e-05
5.2690308266e-05
5.26903082661e-05
5.26902981456e-05
5.26902981457e-05
5.26902950913e-05
5.26902950914e-05
5.26902940983e-05
5.26902940984e-05
5.26902938565e-05
5.26902938566e-05
5.26902937962e-05
5.26902937963e-05
5.2690293792e-05
5.26902937921e-05
5.26902937949e-05
5.2690293795e-05
5.26902937956e-05
5.26902937957e-05
5.26902937961e-05
5.26902937962e-05
5.26902937962e-05
5.26902937963e-05
5.26902937962e-05
5.26902937963e-05
5.26902937962e-05
5.26902937963e-05
5.26902937962e-05
5.26902937963e-05
5.26902937962e-05
5.26902937963e-05
basinhopping step 21: f 7281.02 trial_f 7281.02 accepted 1  lowest_f 757.451
  21  |  Guess: [ 5269.02937962]  | Score:  7281.0225707550  | Accepted: True
5.14678062781e-05
5.14678062782e-05
0.0001
0.0001
6.13555238756e-05
6.13555238757e-05
5.4955224253e-05
5.49552242531e-05
5.28306308066e-05
5.28306308067e-05
5.1792274762e-05
5.17922747621e-05
5.15572048775e-05
5.15572048776e-05
5.1511277147e-05
5.15112771471e-05
5.14781644191e-05
5.14781644192e-05
5.14695331405e-05
5.14695331406e-05
5.14681692752e-05
5.14681692753e-05
5.14678939979e-05
5.1467893998e-05
5.14678279339e-05
5.1467827934e-05
5.14678117718e-05
5.14678117719e-05
5.14678078867e-05
5.14678078868e-05
5.14678071383e-05
5.14678071384e-05
5.14678064981e-05
5.14678064982e-05
5.14678063422e-05
5.14678063423e-05
5.14678063084e-05
5.14678063085e-05
5.14678063279e-05
5.1467806328e-05
5.14678063347e-05
5.14678063348e-05
warning: basinhopping: local minimization failure
basinhopping step 22: f 6576.27 trial_f 6576.27 accepted 1  lowest_f 757.451
  22  |  Guess: [ 5146.78062781]  | Score:  6576.2720952379  | Accepted: True
5.10219712005e-05
5.10219712006e-05
1e-08
1.00000001e-08
2.38273197231e-05
2.38273197232e-05
4.17686629884e-05
4.17686629885e-05
4.80310371018e-05
4.80310371019e-05
4.97654148896e-05
4.97654148897e-05
5.06486584297e-05
5.06486584298e-05
5.09508064572e-05
5.09508064573e-05
5.09897563838e-05
5.09897563839e-05
5.10112831022e-05
5.10112831023e-05
5.10166206285e-05
5.10166206286e-05
5.10197258418e-05
5.10197258419e-05
5.10209116359e-05
5.1020911636e-05
5.10214954136e-05
5.10214954137e-05
5.10218531779e-05
5.1021853178e-05
5.10219099184e-05
5.10219099185e-05
5.10219420079e-05
5.1021942008e-05
5.10219638832e-05
5.10219638833e-05
5.10219680757e-05
5.10219680758e-05
5.10219704811e-05
5.10219704812e-05
5.10219708292e-05
5.10219708293e-05
warning: basinhopping: local minimization failure
basinhopping step 23: f 5075.42 trial_f 5075.42 accepted 1  lowest_f 757.451
  23  |  Guess: [ 5102.19712005]  | Score:  5075.4234176969  | Accepted: True
4.55489835594e-05
4.55489835595e-05
1e-08
1.00000001e-08
3.85190223426e-05
3.85190223427e-05
4.50037828677e-05
4.50037828678e-05
4.54652466515e-05
4.54652466516e-05
4.55012085193e-05
4.55012085194e-05
4.55220472691e-05
4.55220472692e-05
4.55436884342e-05
4.55436884343e-05
4.55460758534e-05
4.55460758535e-05
4.55478762783e-05
4.55478762784e-05
4.55484748098e-05
4.55484748099e-05
4.55488079418e-05
4.55488079419e-05
4.55488884591e-05
4.55488884592e-05
4.55489406726e-05
4.55489406727e-05
4.55489761642e-05
4.55489761643e-05
4.55489802983e-05
4.55489802984e-05
4.55489831701e-05
4.55489831702e-05
4.55489835063e-05
4.55489835064e-05
4.55489835554e-05
4.55489835555e-05
4.55489835575e-05
4.55489835576e-05
4.55489835589e-05
4.5548983559e-05
warning: basinhopping: local minimization failure
basinhopping step 24: f 5628.48 trial_f 5628.48 accepted 1  lowest_f 757.451
  24  |  Guess: [ 4554.89835594]  | Score:  5628.4784528045  | Accepted: True
4.08889430877e-05
4.08889430878e-05
1e-08
1.00000001e-08
1.70813614002e-05
1.70813614003e-05
2.7444409767e-05
2.74444097671e-05
3.3176658302e-05
3.31766583021e-05
3.82213578422e-05
3.82213578423e-05
4.07902153388e-05
4.07902153389e-05
4.08346077506e-05
4.08346077507e-05
4.08574769929e-05
4.0857476993e-05
4.08815105524e-05
4.08815105525e-05
4.08846383132e-05
4.08846383133e-05
4.08864946001e-05
4.08864946002e-05
4.08875201695e-05
4.08875201696e-05
4.08881230884e-05
4.08881230885e-05
4.08889045874e-05
4.08889045875e-05
4.0888920841e-05
4.08889208411e-05
4.08889302333e-05
4.08889302334e-05
4.08889356985e-05
4.08889356986e-05
4.08889427196e-05
4.08889427197e-05
4.08889430784e-05
4.08889430785e-05
4.08889430825e-05
4.08889430826e-05
warning: basinhopping: local minimization failure
basinhopping step 25: f 4987.41 trial_f 4987.41 accepted 1  lowest_f 757.451
  25  |  Guess: [ 4088.89430877]  | Score:  4987.4115612055  | Accepted: True
4.0334236031e-05
4.03342360311e-05
1e-08
1.00000001e-08
2.68928240211e-05
2.68928240212e-05
3.64899777934e-05
3.64899777935e-05
3.88558300939e-05
3.8855830094e-05
3.99064380601e-05
3.99064380602e-05
4.0212967257e-05
4.02129672571e-05
4.02933350935e-05
4.02933350936e-05
4.0323216862e-05
4.03232168621e-05
4.03311767352e-05
4.03311767353e-05
4.03331631512e-05
4.03331631513e-05
4.03338547086e-05
4.03338547087e-05
4.03340950733e-05
4.03340950734e-05
4.03342009298e-05
4.03342009299e-05
4.03342220032e-05
4.03342220033e-05
4.0334230485e-05
4.03342304851e-05
4.03342345291e-05
4.03342345292e-05
4.033423564e-05
4.03342356401e-05
4.0334235961e-05
4.03342359611e-05
4.0334236008e-05
4.03342360081e-05
4.03342360206e-05
4.03342360207e-05
warning: basinhopping: local minimization failure
basinhopping step 26: f 4810.47 trial_f 4810.47 accepted 1  lowest_f 757.451
  26  |  Guess: [ 4033.4236031]  | Score:  4810.4726045720  | Accepted: True
4.07720427508e-05
4.07720427509e-05
1e-08
1.00000001e-08
3.93124697793e-05
3.93124697794e-05
4.06460628998e-05
4.06460628999e-05
4.074746637e-05
4.07474663701e-05
4.07690604043e-05
4.07690604044e-05
4.07707304772e-05
4.07707304773e-05
4.07718460792e-05
4.07718460793e-05
4.07719930186e-05
4.07719930187e-05
4.07720343821e-05
4.07720343822e-05
4.07720415268e-05
4.07720415269e-05
4.07720422958e-05
4.07720422959e-05
4.07720426862e-05
4.07720426863e-05
4.07720427198e-05
4.07720427199e-05
4.07720427364e-05
4.07720427365e-05
4.07720427474e-05
4.07720427475e-05
4.07720427491e-05
4.07720427492e-05
4.07720427485e-05
4.07720427486e-05
4.07720427489e-05
4.0772042749e-05
4.0772042749e-05
4.07720427491e-05
4.07720427491e-05
4.07720427492e-05
basinhopping step 27: f 4985.11 trial_f 4985.11 accepted 1  lowest_f 757.451
  27  |  Guess: [ 4077.20427491]  | Score:  4985.1086143425  | Accepted: True
5.07569791141e-05
5.07569791142e-05
0.0001
0.0001
6.71713194088e-05
6.71713194089e-05
5.9519171028e-05
5.95191710281e-05
5.51911054431e-05
5.51911054432e-05
5.23665619585e-05
5.23665619586e-05
5.16538223593e-05
5.16538223594e-05
5.08117904468e-05
5.08117904469e-05
5.0787766475e-05
5.07877664751e-05
5.07645280943e-05
5.07645280944e-05
5.07612343756e-05
5.07612343757e-05
5.07578277744e-05
5.07578277745e-05
5.07571425293e-05
5.07571425294e-05
5.075706989e-05
5.07570698901e-05
5.07569867581e-05
5.07569867582e-05
5.07569833701e-05
5.07569833702e-05
5.07569815296e-05
5.07569815297e-05
5.07569800068e-05
5.07569800069e-05
5.07569792631e-05
5.07569792632e-05
5.07569791974e-05
5.07569791975e-05
5.07569791255e-05
5.07569791256e-05
warning: basinhopping: local minimization failure
basinhopping step 28: f 5044.38 trial_f 5044.38 accepted 1  lowest_f 757.451
  28  |  Guess: [ 5075.69791141]  | Score:  5044.3763907774  | Accepted: True
5.68327635843e-05
5.68327635844e-05
1e-08
1.00000001e-08
2.7088418215e-05
2.70884182151e-05
4.43582816037e-05
4.43582816038e-05
5.40562005355e-05
5.40562005356e-05
5.53333213701e-05
5.53333213702e-05
5.60237108899e-05
5.602371089e-05
5.66189837758e-05
5.66189837759e-05
5.67853510384e-05
5.67853510385e-05
5.68159912818e-05
5.68159912819e-05
5.68291987637e-05
5.68291987638e-05
5.68319329088e-05
5.68319329089e-05
5.6832311245e-05
5.68323112451e-05
5.68325463647e-05
5.68325463648e-05
5.68326513128e-05
5.68326513129e-05
5.68327379218e-05
5.68327379219e-05
5.68327577255e-05
5.68327577256e-05
5.68327617124e-05
5.68327617125e-05
5.68327628129e-05
5.6832762813e-05
5.68327632355e-05
5.68327632356e-05
5.68327634929e-05
5.6832763493e-05
warning: basinhopping: local minimization failure
basinhopping step 29: f 6560 trial_f 6560 accepted 1  lowest_f 757.451
  29  |  Guess: [ 5683.27635843]  | Score:  6559.9997143067  | Accepted: True
6.28571281181e-05
6.28571281182e-05
1e-08
1.00000001e-08
4.19080854122e-05
4.19080854123e-05
5.22710106083e-05
5.22710106084e-05
6.13397636999e-05
6.13397637e-05
6.21988460928e-05
6.21988460929e-05
6.24959035911e-05
6.24959035912e-05
6.26659403079e-05
6.2665940308e-05
6.27489602228e-05
6.27489602229e-05
6.27963032462e-05
6.27963032463e-05
6.28439397813e-05
6.28439397814e-05
6.28495988203e-05
6.28495988204e-05
6.28545416025e-05
6.28545416026e-05
6.2856519337e-05
6.28565193371e-05
6.28569350635e-05
6.28569350636e-05
6.28570585565e-05
6.28570585566e-05
6.28570884025e-05
6.28570884026e-05
6.28571144382e-05
6.28571144383e-05
6.28571260471e-05
6.28571260472e-05
6.28571270967e-05
6.28571270968e-05
6.28571280522e-05
6.28571280523e-05
warning: basinhopping: local minimization failure
basinhopping step 30: f 6612.49 trial_f 6612.49 accepted 1  lowest_f 757.451
  30  |  Guess: [ 6285.71281181]  | Score:  6612.4878159248  | Accepted: True
6.12525220546e-05
6.12525220547e-05
1e-08
1.00000001e-08
4.08383480374e-05
4.08383480375e-05
5.49841046413e-05
5.49841046414e-05
5.91914813986e-05
5.91914813987e-05
6.00892014525e-05
6.00892014526e-05
6.1181521318e-05
6.11815213181e-05
6.12486047917e-05
6.12486047918e-05
6.1250281888e-05
6.12502818881e-05
6.12512450005e-05
6.12512450006e-05
6.12517826082e-05
6.12517826083e-05
6.12524636357e-05
6.12524636358e-05
6.12525051639e-05
6.1252505164e-05
6.12525122877e-05
6.12525122878e-05
6.1252517163e-05
6.12525171631e-05
6.12525192235e-05
6.12525192236e-05
6.12525204163e-05
6.12525204164e-05
6.12525211176e-05
6.12525211177e-05
6.12525220273e-05
6.12525220274e-05
6.12525220391e-05
6.12525220392e-05
6.12525220536e-05
6.12525220537e-05
warning: basinhopping: local minimization failure
basinhopping step 31: f 6406.33 trial_f 6406.33 accepted 1  lowest_f 757.451
  31  |  Guess: [ 6125.25220546]  | Score:  6406.3337756902  | Accepted: True
5.90843746838e-05
5.90843746839e-05
1e-08
1.00000001e-08
3.9392916456e-05
3.93929164561e-05
5.28489154755e-05
5.28489154756e-05
5.76603690919e-05
5.7660369092e-05
5.83872539901e-05
5.83872539902e-05
5.8984720909e-05
5.89847209091e-05
5.90446231271e-05
5.90446231272e-05
5.90639160159e-05
5.9063916016e-05
5.90797214701e-05
5.90797214702e-05
5.90832255843e-05
5.90832255844e-05
5.90838875682e-05
5.90838875683e-05
5.90843020768e-05
5.90843020769e-05
5.90843547054e-05
5.90843547055e-05
5.90843683083e-05
5.90843683084e-05
5.90843721345e-05
5.90843721346e-05
5.90843734978e-05
5.90843734979e-05
5.90843740804e-05
5.90843740805e-05
5.90843745473e-05
5.90843745474e-05
5.9084374613e-05
5.90843746131e-05
5.9084374648e-05
5.90843746481e-05
warning: basinhopping: local minimization failure
basinhopping step 32: f 6068.37 trial_f 6068.37 accepted 1  lowest_f 757.451
  32  |  Guess: [ 5908.43746838]  | Score:  6068.3738165926  | Accepted: True
5.99900155891e-05
5.99900155892e-05
1e-08
1.00000001e-08
3.90551968044e-05
3.90551968045e-05
5.0602058076e-05
5.06020580761e-05
5.67134006254e-05
5.67134006255e-05
5.89990803203e-05
5.89990803204e-05
5.97320179725e-05
5.97320179726e-05
5.99111677322e-05
5.99111677323e-05
5.99622491148e-05
5.99622491149e-05
5.99833249908e-05
5.99833249909e-05
5.99878596539e-05
5.9987859654e-05
5.99891507837e-05
5.99891507838e-05
5.99897460995e-05
5.99897460996e-05
5.99899203901e-05
5.99899203902e-05
5.9989966521e-05
5.99899665211e-05
5.99900006744e-05
5.99900006745e-05
5.99900096235e-05
5.99900096236e-05
5.99900130263e-05
5.99900130264e-05
5.99900143148e-05
5.99900143149e-05
5.99900153228e-05
5.99900153229e-05
5.99900154739e-05
5.9990015474e-05
warning: basinhopping: local minimization failure
basinhopping step 33: f 6068.37 trial_f 6847.96 accepted 0  lowest_f 757.451
  33  |  Guess: [ 5999.00155891]  | Score:  6847.9562627158  | Accepted: False
6.86016943312e-05
6.86016943313e-05
0.0001
0.0001
7.16460776259e-05
7.1646077626e-05
6.96546502486e-05
6.96546502487e-05
6.87743053628e-05
6.87743053629e-05
6.869773242e-05
6.86977324201e-05
6.86163319327e-05
6.86163319328e-05
6.86068353511e-05
6.86068353512e-05
6.86024689478e-05
6.86024689479e-05
6.86021243213e-05
6.86021243214e-05
6.86018376612e-05
6.86018376613e-05
6.86017269093e-05
6.86017269094e-05
6.86017051905e-05
6.86017051906e-05
6.86017002393e-05
6.86017002394e-05
6.86016971061e-05
6.86016971062e-05
6.86016956419e-05
6.8601695642e-05
6.86016949818e-05
6.86016949819e-05
6.86016944915e-05
6.86016944916e-05
6.86016944159e-05
6.8601694416e-05
6.86016943597e-05
6.86016943598e-05
6.86016943785e-05
6.86016943786e-05
warning: basinhopping: local minimization failure
basinhopping step 34: f 6932.2 trial_f 6932.2 accepted 1  lowest_f 757.451
  34  |  Guess: [ 6860.16943312]  | Score:  6932.1950158942  | Accepted: True
6.16154751016e-05
6.16154751017e-05
1e-08
1.00000001e-08
4.10803167346e-05
4.10803167347e-05
5.4631489512e-05
5.46314895121e-05
6.07863768661e-05
6.07863768662e-05
6.1145618526e-05
6.11456185261e-05
6.155346257e-05
6.15534625701e-05
6.1594804258e-05
6.15948042581e-05
6.16100041953e-05
6.16100041954e-05
6.16134417239e-05
6.1613441724e-05
6.16144276283e-05
6.16144276284e-05
6.16151673368e-05
6.16151673369e-05
6.16153721071e-05
6.16153721072e-05
6.16154229324e-05
6.16154229325e-05
6.1615457691e-05
6.16154576911e-05
6.16154690796e-05
6.16154690797e-05
6.16154717339e-05
6.1615471734e-05
6.16154733743e-05
6.16154733744e-05
6.1615474815e-05
6.16154748151e-05
6.16154750472e-05
6.16154750473e-05
6.16154750952e-05
6.16154750953e-05
warning: basinhopping: local minimization failure
basinhopping step 35: f 6583.11 trial_f 6583.11 accepted 1  lowest_f 757.451
  35  |  Guess: [ 6161.54751016]  | Score:  6583.1124555236  | Accepted: True
6.53135246233e-05
6.53135246234e-05
0.0001
0.0001
7.68583528325e-05
7.68583528326e-05
7.13310610691e-05
7.13310610692e-05
6.58645209652e-05
6.58645209653e-05
6.54119256173e-05
6.54119256174e-05
6.5346275791e-05
6.53462757911e-05
6.53182609354e-05
6.53182609355e-05
6.53143646723e-05
6.53143646724e-05
6.53139131625e-05
6.53139131626e-05
6.53135717175e-05
6.53135717176e-05
6.53135308659e-05
6.5313530866e-05
6.53135267011e-05
6.53135267012e-05
6.53135252402e-05
6.53135252403e-05
6.53135246645e-05
6.53135246646e-05
6.5313524761e-05
6.53135247611e-05
6.53135247026e-05
6.53135247027e-05
6.53135246771e-05
6.53135246772e-05
6.53135246687e-05
6.53135246688e-05
6.53135246645e-05
6.53135246646e-05
0.0001
0.0001
8.28735043573e-05
8.28735043574e-05
6.88639114934e-05
6.88639114935e-05
6.64969869408e-05
6.64969869409e-05
6.57106112121e-05
6.57106112122e-05
6.54937767263e-05
6.54937767264e-05
6.54006303907e-05
6.54006303908e-05
6.53317687322e-05
6.53317687323e-05
6.53219532762e-05
6.53219532763e-05
6.53163342017e-05
6.53163342018e-05
6.53140588843e-05
6.53140588844e-05
6.53136635213e-05
6.53136635214e-05
6.53135894919e-05
6.5313589492e-05
6.5313543175e-05
6.53135431751e-05
6.5313533007e-05
6.53135330071e-05
6.53135275461e-05
6.53135275462e-05
6.53135255876e-05
6.53135255877e-05
6.53135249797e-05
6.53135249798e-05
6.53135248232e-05
6.53135248233e-05
6.53135247174e-05
6.53135247175e-05
warning: basinhopping: local minimization failure
basinhopping step 36: f 7281.02 trial_f 7281.02 accepted 1  lowest_f 757.451
  36  |  Guess: [ 6531.35246645]  | Score:  7281.0225707550  | Accepted: True
6.03893419629e-05
6.0389341963e-05
0.0001
0.0001
7.35731041446e-05
7.35731041447e-05
6.47773424122e-05
6.47773424123e-05
6.18498164221e-05
6.18498164222e-05
6.08729360485e-05
6.08729360486e-05
6.05769153815e-05
6.05769153816e-05
6.04335581219e-05
6.0433558122e-05
6.03989226082e-05
6.03989226083e-05
6.03919691713e-05
6.03919691714e-05
6.03904260953e-05
6.03904260954e-05
6.03896440148e-05
6.03896440149e-05
6.03894224801e-05
6.03894224802e-05
6.03893575649e-05
6.0389357565e-05
6.0389349645e-05
6.03893496451e-05
6.03893459582e-05
6.03893459583e-05
6.03893437957e-05
6.03893437958e-05
6.03893424663e-05
6.03893424664e-05
6.0389342166e-05
6.03893421661e-05
6.03893420104e-05
6.03893420105e-05
6.03893419741e-05
6.03893419742e-05
6.03893419731e-05
6.03893419732e-05
6.0389341974e-05
6.03893419741e-05
6.0389341974e-05
6.03893419741e-05
6.0389341974e-05
6.03893419741e-05
6.0389341974e-05
6.03893419741e-05
6.0389341974e-05
6.03893419741e-05
6.0389341974e-05
6.03893419741e-05
basinhopping step 37: f 7281.02 trial_f 7281.02 accepted 1  lowest_f 757.451
  37  |  Guess: [ 6038.9341974]  | Score:  7281.0225707550  | Accepted: True
6.49589116605e-05
6.49589116606e-05
0.0001
0.0001
7.66392744393e-05
7.66392744394e-05
6.52002769101e-05
6.52002769102e-05
6.50986628043e-05
6.50986628044e-05
6.49632636455e-05
6.49632636456e-05
6.49607839699e-05
6.496078397e-05
6.49598243298e-05
6.49598243299e-05
6.49594319153e-05
6.49594319154e-05
6.49590850777e-05
6.49590850778e-05
6.49590106712e-05
6.49590106713e-05
6.49589682828e-05
6.49589682829e-05
6.49589441252e-05
6.49589441253e-05
6.49589186667e-05
6.49589186668e-05
6.4958912229e-05
6.49589122291e-05
6.49589116803e-05
6.49589116804e-05
6.49589116615e-05
6.49589116616e-05
6.49589116605e-05
6.49589116606e-05
6.49589116605e-05
6.49589116606e-05
6.49589116605e-05
6.49589116606e-05
6.49589116605e-05
6.49589116606e-05
warning: basinhopping: local minimization failure
basinhopping step 38: f 6939.38 trial_f 6939.38 accepted 1  lowest_f 757.451
  38  |  Guess: [ 6495.89116605]  | Score:  6939.3785110878  | Accepted: True
6.9956255573e-05
6.99562555731e-05
0.0001
0.0001
7.24825395983e-05
7.24825395984e-05
7.0797088052e-05
7.07970880521e-05
7.01259074979e-05
7.0125907498e-05
6.99919424932e-05
6.99919424933e-05
6.99642827006e-05
6.99642827007e-05
6.99589272716e-05
6.99589272717e-05
6.99577093883e-05
6.99577093884e-05
6.99564149927e-05
6.99564149928e-05
6.9956344219e-05
6.99563442191e-05
6.99562850774e-05
6.99562850775e-05
6.9956265393e-05
6.99562653931e-05
6.99562588414e-05
6.99562588415e-05
6.99562559444e-05
6.99562559445e-05
6.99562556966e-05
6.99562556967e-05
6.99562556141e-05
6.99562556142e-05
6.99562555811e-05
6.99562555812e-05
6.99562555896e-05
6.99562555897e-05
6.99562555852e-05
6.99562555853e-05
6.99562555873e-05
6.99562555874e-05
warning: basinhopping: local minimization failure
basinhopping step 39: f 7281.02 trial_f 7281.02 accepted 1  lowest_f 757.451
  39  |  Guess: [ 6995.6255573]  | Score:  7281.0225707550  | Accepted: True
6.4770995036e-05
6.47709950361e-05
0.0001
0.0001
7.64963953793e-05
7.64963953794e-05
6.93783692645e-05
6.93783692646e-05
6.56874946864e-05
6.56874946865e-05
6.50123119386e-05
6.50123119387e-05
6.48292323575e-05
6.48292323576e-05
6.47886750969e-05
6.4788675097e-05
6.47762696663e-05
6.47762696664e-05
6.47738057732e-05
6.47738057733e-05
6.47717595713e-05
6.47717595714e-05
6.47712943413e-05
6.47712943414e-05
6.47710942082e-05
6.47710942083e-05
6.47710382631e-05
6.47710382632e-05
6.47710095214e-05
6.47710095215e-05
6.47710011013e-05
6.47710011014e-05
6.47709973797e-05
6.47709973798e-05
6.47709958161e-05
6.47709958162e-05
6.47709954089e-05
6.4770995409e-05
6.47709951454e-05
6.47709951455e-05
6.47709950587e-05
6.47709950588e-05
warning: basinhopping: local minimization failure
basinhopping step 40: f 7233.37 trial_f 7233.37 accepted 1  lowest_f 757.451
  40  |  Guess: [ 6477.0995036]  | Score:  7233.3716379031  | Accepted: True
6.93451692921e-05
6.93451692922e-05
1e-08
1.00000001e-08
5.95507077743e-05
5.95507077744e-05
6.44377396591e-05
6.44377396592e-05
6.84434569467e-05
6.84434569468e-05
6.90445985104e-05
6.90445985105e-05
6.91903541396e-05
6.91903541397e-05
6.93162741785e-05
6.93162741786e-05
6.93341778758e-05
6.93341778759e-05
6.93430232461e-05
6.93430232462e-05
6.93450029272e-05
6.93450029273e-05
6.93450779446e-05
6.93450779447e-05
6.93451190838e-05
6.93451190839e-05
6.93451436142e-05
6.93451436143e-05
6.93451645573e-05
6.93451645574e-05
6.93451666895e-05
6.93451666896e-05
6.93451684246e-05
6.93451684247e-05
6.93451691234e-05
6.93451691235e-05
6.93451689246e-05
6.93451689247e-05
6.9345169033e-05
6.93451690331e-05
6.93451690934e-05
6.93451690935e-05
warning: basinhopping: local minimization failure
basinhopping step 41: f 7281.02 trial_f 7281.02 accepted 1  lowest_f 757.451
  41  |  Guess: [ 6934.51692921]  | Score:  7281.0225707550  | Accepted: True
6.69930801426e-05
6.69930801427e-05
0.0001
0.0001
7.79953867617e-05
7.79953867618e-05
7.31086514424e-05
7.31086514425e-05
7.03594720904e-05
7.03594720905e-05
6.88136648718e-05
6.88136648719e-05
6.76908478217e-05
6.76908478218e-05
6.73538356288e-05
6.73538356289e-05
6.7070464157e-05
6.70704641571e-05
6.70073912061e-05
6.70073912062e-05
6.69952307303e-05
6.69952307304e-05
6.69941309716e-05
6.69941309717e-05
6.69934439705e-05
6.69934439706e-05
6.69931461383e-05
6.69931461384e-05
6.69930955815e-05
6.69930955816e-05
6.69930878665e-05
6.69930878666e-05
6.69930817472e-05
6.69930817473e-05
6.69930810277e-05
6.69930810278e-05
6.69930803491e-05
6.69930803492e-05
6.69930802114e-05
6.69930802115e-05
6.69930801772e-05
6.69930801773e-05
warning: basinhopping: local minimization failure
basinhopping step 42: f 6750.69 trial_f 6750.69 accepted 1  lowest_f 757.451
  42  |  Guess: [ 6699.30801426]  | Score:  6750.6936417040  | Accepted: True
7.11524993854e-05
7.11524993855e-05
0.0001
0.0001
7.68878502425e-05
7.68878502426e-05
7.42867350348e-05
7.42867350349e-05
7.16692644782e-05
7.16692644783e-05
7.1445000761e-05
7.14450007611e-05
7.12167023663e-05
7.12167023664e-05
7.11842445196e-05
7.11842445197e-05
7.11663311016e-05
7.11663311017e-05
7.11563725352e-05
7.11563725353e-05
7.11528457565e-05
7.11528457566e-05
7.11525705812e-05
7.11525705813e-05
7.11525331956e-05
7.11525331957e-05
7.11525031071e-05
7.11525031072e-05
7.11525009891e-05
7.11525009892e-05
7.11524996068e-05
7.11524996069e-05
7.11524994044e-05
7.11524994045e-05
7.11524993948e-05
7.11524993949e-05
7.11524993943e-05
7.11524993944e-05
7.11524993948e-05
7.11524993949e-05
7.11524993948e-05
7.11524993949e-05
7.11524993948e-05
7.11524993949e-05
7.11524993948e-05
7.11524993949e-05
7.11524993948e-05
7.11524993949e-05
7.11524993948e-05
7.11524993949e-05
basinhopping step 43: f 6901.89 trial_f 6901.89 accepted 1  lowest_f 757.451
  43  |  Guess: [ 7115.24993948]  | Score:  6901.8857975985  | Accepted: True
6.90191982274e-05
6.90191982275e-05
1e-08
1.00000001e-08
3.28657771827e-05
3.28657771828e-05
4.8465916373e-05
4.84659163731e-05
6.69828891714e-05
6.69828891715e-05
6.85477294257e-05
6.85477294258e-05
6.87537535681e-05
6.87537535682e-05
6.89577537541e-05
6.89577537542e-05
6.90165078769e-05
6.9016507877e-05
6.90189289677e-05
6.90189289678e-05
6.90191084743e-05
6.90191084744e-05
6.90191480971e-05
6.90191480972e-05
6.90191933116e-05
6.90191933117e-05
6.90191965889e-05
6.9019196589e-05
6.90191973098e-05
6.90191973099e-05
6.90191981359e-05
6.9019198136e-05
6.90191981745e-05
6.90191981746e-05
6.90191981536e-05
6.90191981537e-05
6.90191981873e-05
6.90191981874e-05
6.90191981565e-05
6.90191981566e-05
6.90191981555e-05
6.90191981556e-05
6.90191981563e-05
6.90191981564e-05
6.90191981565e-05
6.90191981566e-05
basinhopping step 44: f 6901.89 trial_f 7281.02 accepted 0  lowest_f 757.451
  44  |  Guess: [ 6901.91981565]  | Score:  7281.0225707550  | Accepted: False
6.2125766623e-05
6.21257666231e-05
0.0001
0.0001
7.47315881469e-05
7.4731588147e-05
6.78346617945e-05
6.78346617946e-05
6.40258793702e-05
6.40258793703e-05
6.31734333356e-05
6.31734333357e-05
6.23942067306e-05
6.23942067307e-05
6.22255062158e-05
6.22255062159e-05
6.21456001715e-05
6.21456001716e-05
6.21282351597e-05
6.21282351598e-05
6.21266087081e-05
6.21266087082e-05
6.21259827559e-05
6.2125982756e-05
6.21257956138e-05
6.21257956139e-05
6.21257790559e-05
6.2125779056e-05
6.21257693408e-05
6.21257693409e-05
6.21257673137e-05
6.21257673138e-05
6.21257669061e-05
6.21257669062e-05
6.21257667701e-05
6.21257667702e-05
6.21257666858e-05
6.21257666859e-05
6.21257671315e-05
6.21257671316e-05
6.21257669198e-05
6.21257669199e-05
6.21257668065e-05
6.21257668066e-05
6.21257667385e-05
6.21257667386e-05
6.21257666973e-05
6.21257666974e-05
6.21257666879e-05
6.2125766688e-05
6.21257666867e-05
6.21257666868e-05
6.2125766686e-05
6.21257666861e-05
6.21257666859e-05
6.2125766686e-05
6.2125766686e-05
6.21257666861e-05
6.2125766686e-05
6.21257666861e-05
6.2125766686e-05
6.21257666861e-05
6.2125766686e-05
6.21257666861e-05
6.2125766686e-05
6.21257666861e-05
6.2125766686e-05
6.21257666861e-05
basinhopping step 45: f 7219.68 trial_f 7219.68 accepted 1  lowest_f 757.451
  45  |  Guess: [ 6212.5766686]  | Score:  7219.6787527029  | Accepted: True
5.82721669812e-05
5.82721669813e-05
1e-08
1.00000001e-08
3.88514446545e-05
3.88514446546e-05
5.67693981776e-05
5.67693981777e-05
5.81488234486e-05
5.81488234487e-05
5.82021061546e-05
5.82021061547e-05
5.82653139495e-05
5.82653139496e-05
5.82696303355e-05
5.82696303356e-05
5.82707549561e-05
5.82707549562e-05
5.8272059592e-05
5.82720595921e-05
5.82721064865e-05
5.82721064866e-05
5.82721324689e-05
5.8272132469e-05
5.82721638511e-05
5.82721638512e-05
5.82721659382e-05
5.82721659383e-05
5.82721668852e-05
5.82721668853e-05
5.82721669497e-05
5.82721669498e-05
5.82721669283e-05
5.82721669284e-05
5.8272166942e-05
5.82721669421e-05
5.82721669461e-05
5.82721669462e-05
5.82721669479e-05
5.8272166948e-05
5.82721669497e-05
5.82721669498e-05
5.82721669779e-05
5.8272166978e-05
5.82721669617e-05
5.82721669618e-05
5.82721669548e-05
5.82721669549e-05
5.82721669584e-05
5.82721669585e-05
5.82721669601e-05
5.82721669602e-05
5.82721669554e-05
5.82721669555e-05
5.82721669593e-05
5.82721669594e-05
5.82721669599e-05
5.827216696e-05
5.82721669601e-05
5.82721669602e-05
5.82721669601e-05
5.82721669602e-05
5.82721669601e-05
5.82721669602e-05
5.82721669601e-05
5.82721669602e-05
5.82721669601e-05
5.82721669602e-05
5.82721669601e-05
5.82721669602e-05
basinhopping step 46: f 7281.02 trial_f 7281.02 accepted 1  lowest_f 757.451
  46  |  Guess: [ 5827.21669601]  | Score:  7281.0225707550  | Accepted: True
4.95853385417e-05
4.95853385418e-05
1e-08
1.00000001e-08
4.34322091097e-05
4.34322091098e-05
4.81009187553e-05
4.81009187554e-05
4.91961227581e-05
4.91961227582e-05
4.9499314088e-05
4.94993140881e-05
4.9569679607e-05
4.95696796071e-05
4.95829410606e-05
4.95829410607e-05
4.95840089197e-05
4.95840089198e-05
4.9585134059e-05
4.95851340591e-05
4.95852523713e-05
4.95852523714e-05
4.95853208263e-05
4.95853208264e-05
4.95853290764e-05
4.95853290765e-05
4.9585333744e-05
4.95853337441e-05
4.95853358424e-05
4.95853358425e-05
4.95853377567e-05
4.95853377568e-05
4.95853383925e-05
4.95853383926e-05
4.95853385227e-05
4.95853385228e-05
4.95853385017e-05
4.95853385018e-05
4.95853385187e-05
4.95853385188e-05
4.95853385206e-05
4.95853385207e-05
warning: basinhopping: local minimization failure
basinhopping step 47: f 5721.01 trial_f 5721.01 accepted 1  lowest_f 757.451
  47  |  Guess: [ 4958.53385417]  | Score:  5721.0057687753  | Accepted: True
5.41302893098e-05
5.41302893099e-05
1e-08
1.00000001e-08
3.60901928734e-05
3.60901928735e-05
4.90663508911e-05
4.90663508912e-05
5.18317942799e-05
5.183179428e-05
5.28992823802e-05
5.28992823803e-05
5.34520409006e-05
5.34520409007e-05
5.39608696914e-05
5.39608696915e-05
5.40529894522e-05
5.40529894523e-05
5.40873291268e-05
5.40873291269e-05
5.41194317717e-05
5.41194317718e-05
5.41258208121e-05
5.41258208122e-05
5.41278889604e-05
5.41278889605e-05
5.4129037259e-05
5.41290372591e-05
5.41300068043e-05
5.41300068044e-05
5.4130209743e-05
5.41302097431e-05
5.41302456504e-05
5.41302456505e-05
5.41302711875e-05
5.41302711876e-05
5.41302832525e-05
5.41302832526e-05
5.41302886566e-05
5.41302886567e-05
5.41302890958e-05
5.41302890959e-05
warning: basinhopping: local minimization failure
basinhopping step 48: f 6411 trial_f 6411 accepted 1  lowest_f 757.451
  48  |  Guess: [ 5413.02893098]  | Score:  6411.0005980328  | Accepted: True
4.72775988211e-05
4.72775988212e-05
0.0001
0.0001
6.89387964879e-05
6.8938796488e-05
5.43105034535e-05
5.43105034536e-05
4.85379571969e-05
4.8537957197e-05
4.76386439759e-05
4.7638643976e-05
4.73562331268e-05
4.73562331269e-05
4.73211224635e-05
4.73211224636e-05
4.73023356102e-05
4.73023356103e-05
4.72821507816e-05
4.72821507817e-05
4.72800019836e-05
4.72800019837e-05
4.72788561858e-05
4.72788561859e-05
4.72778984538e-05
4.72778984539e-05
4.72776534647e-05
4.72776534648e-05
4.7277613167e-05
4.72776131671e-05
4.72776039411e-05
4.72776039412e-05
4.72775997e-05
4.72775997001e-05
4.727759923e-05
4.72775992301e-05
4.72775989556e-05
4.72775989557e-05
4.72775989266e-05
4.72775989267e-05
4.72775989486e-05
4.72775989487e-05
4.72775989551e-05
4.72775989552e-05
4.72775989556e-05
4.72775989557e-05
4.72775989556e-05
4.72775989557e-05
4.72775989556e-05
4.72775989557e-05
4.72775989556e-05
4.72775989557e-05
4.72775989556e-05
4.72775989557e-05
basinhopping step 49: f 5931.6 trial_f 5931.6 accepted 1  lowest_f 757.451
  49  |  Guess: [ 4727.75989556]  | Score:  5931.6000687440  | Accepted: True
adaptive stepsize: acceptance rate 0.900000 target 0.500000 new stepsize 1111.11 old stepsize 1000
4.54768193138e-05
4.54768193139e-05
0.0001
0.0001
6.36512128741e-05
6.36512128742e-05
5.52614191054e-05
5.52614191055e-05
4.87936215172e-05
4.87936215173e-05
4.72564454846e-05
4.72564454847e-05
4.56156150189e-05
4.5615615019e-05
4.55082901221e-05
4.55082901222e-05
4.54800402463e-05
4.54800402464e-05
4.54773585119e-05
4.5477358512e-05
4.54768984722e-05
4.54768984723e-05
4.54768649564e-05
4.54768649565e-05
4.54768435602e-05
4.54768435603e-05
4.5476821962e-05
4.54768219621e-05
4.54768208152e-05
4.54768208153e-05
4.54768197529e-05
4.5476819753e-05
4.54768194123e-05
4.54768194124e-05
4.54768193311e-05
4.54768193312e-05
4.54768193795e-05
4.54768193796e-05
4.54768194064e-05
4.54768194065e-05
4.54768194123e-05
4.54768194124e-05
basinhopping step 50: f 5704 trial_f 5704 accepted 1  lowest_f 757.451
  50  |  Guess: [ 4547.68194123]  | Score:  5704.0039775055  | Accepted: True
4.57473872992e-05
4.57473872993e-05
1e-08
1.00000001e-08
2.39744385412e-05
2.39744385413e-05
3.43013345491e-05
3.43013345492e-05
4.30491903142e-05
4.30491903143e-05
4.48248485888e-05
4.48248485889e-05
4.54137136834e-05
4.54137136835e-05
4.56254606788e-05
4.56254606789e-05
4.56996343588e-05
4.56996343589e-05
4.57300098091e-05
4.57300098092e-05
4.57394081209e-05
4.5739408121e-05
4.57453157216e-05
4.57453157217e-05
4.57471922125e-05
4.57471922126e-05
4.57473171939e-05
4.5747317194e-05
4.57473685665e-05
4.57473685666e-05
4.5747376761e-05
4.57473767611e-05
4.57473851211e-05
4.57473851212e-05
4.57473869233e-05
4.57473869234e-05
4.57473872128e-05
4.57473872129e-05
4.57473872867e-05
4.57473872868e-05
4.57473872949e-05
4.5747387295e-05
4.57473872949e-05
4.5747387295e-05
4.57473872949e-05
4.5747387295e-05
4.57473872949e-05
4.5747387295e-05
4.57473872949e-05
4.5747387295e-05
4.57473872949e-05
4.5747387295e-05
basinhopping step 51: f 5769.46 trial_f 5769.46 accepted 1  lowest_f 757.451
  51  |  Guess: [ 4574.73872949]  | Score:  5769.4616806870  | Accepted: True
5.38744567107e-05
5.38744567108e-05
1e-08
1.00000001e-08
3.59196378074e-05
3.59196378075e-05
4.95592363159e-05
4.9559236316e-05
5.16305841211e-05
5.16305841212e-05
5.26630775139e-05
5.2663077514e-05
5.32652866595e-05
5.32652866596e-05
5.36955972404e-05
5.36955972405e-05
5.37775511032e-05
5.37775511033e-05
5.38242642218e-05
5.38242642219e-05
5.38546589206e-05
5.38546589207e-05
5.38682882741e-05
5.38682882742e-05
5.38734217104e-05
5.38734217105e-05
5.38739730057e-05
5.38739730058e-05
5.38743799294e-05
5.38743799295e-05
5.38744161205e-05
5.38744161206e-05
5.3874449344e-05
5.38744493441e-05
5.38744530623e-05
5.38744530624e-05
5.38744561459e-05
5.3874456146e-05
5.38744564962e-05
5.38744564963e-05
5.38744566708e-05
5.38744566709e-05
warning: basinhopping: local minimization failure
basinhopping step 52: f 6292.94 trial_f 6292.94 accepted 1  lowest_f 757.451
  52  |  Guess: [ 5387.44567107]  | Score:  6292.9380084440  | Accepted: True
6.40331567163e-05
6.40331567164e-05
0.0001
0.0001
8.45867482043e-05
8.45867482044e-05
7.08843538786e-05
7.08843538787e-05
6.74016470052e-05
6.74016470053e-05
6.49058928086e-05
6.49058928087e-05
6.43240687467e-05
6.43240687468e-05
6.41301273928e-05
6.41301273929e-05
6.40433327064e-05
6.40433327065e-05
6.40348011797e-05
6.40348011798e-05
6.40332822975e-05
6.40332822976e-05
6.40331780537e-05
6.40331780538e-05
6.40331685152e-05
6.40331685153e-05
6.40331603384e-05
6.40331603385e-05
6.4033157302e-05
6.40331573021e-05
6.40331568149e-05
6.4033156815e-05
6.40331567306e-05
6.40331567307e-05
6.40331567208e-05
6.40331567209e-05
6.40331567168e-05
6.40331567169e-05
6.40331567164e-05
6.40331567165e-05
6.40331567163e-05
6.40331567164e-05
warning: basinhopping: local minimization failure
basinhopping step 53: f 6925.32 trial_f 6925.32 accepted 1  lowest_f 757.451
  53  |  Guess: [ 6403.31567163]  | Score:  6925.3198038025  | Accepted: True
6.36074769519e-05
6.3607476952e-05
0.0001
0.0001
7.57201353332e-05
7.57201353333e-05
6.78913025371e-05
6.78913025372e-05
6.50426848506e-05
6.50426848507e-05
6.40851625183e-05
6.40851625184e-05
6.37293439338e-05
6.37293439339e-05
6.36424844754e-05
6.36424844755e-05
6.36220030631e-05
6.36220030632e-05
6.36123117314e-05
6.36123117315e-05
6.36097975528e-05
6.36097975529e-05
6.36084120854e-05
6.36084120855e-05
6.36079297288e-05
6.36079297289e-05
6.36076527455e-05
6.36076527456e-05
6.36075286364e-05
6.36075286365e-05
6.36074920078e-05
6.36074920079e-05
6.36074832537e-05
6.36074832538e-05
6.36074787802e-05
6.36074787803e-05
6.3607477874e-05
6.36074778741e-05
6.36074772571e-05
6.36074772572e-05
6.36074770558e-05
6.36074770559e-05
warning: basinhopping: local minimization failure
basinhopping step 54: f 6751.9 trial_f 6751.9 accepted 1  lowest_f 757.451
  54  |  Guess: [ 6360.74769519]  | Score:  6751.9043225271  | Accepted: True
7.38651049594e-05
7.38651049595e-05
basinhopping step 55: f 7281.02 trial_f 7281.02 accepted 1  lowest_f 757.451
  55  |  Guess: [ 7386.51049594]  | Score:  7281.0225707550  | Accepted: True
6.37748705496e-05
6.37748705497e-05
0.0001
0.0001
7.58318146991e-05
7.58318146992e-05
6.77878279752e-05
6.77878279753e-05
6.59443826981e-05
6.59443826982e-05
6.44748641918e-05
6.44748641919e-05
6.40286844247e-05
6.40286844248e-05
6.38609451551e-05
6.38609451552e-05
6.38223043443e-05
6.38223043444e-05
6.37801020505e-05
6.37801020506e-05
6.37754847813e-05
6.37754847814e-05
6.37752016218e-05
6.37752016219e-05
6.37750442415e-05
6.37750442416e-05
